960
1619
589
1804
898
1748
983
93
176
723
586
248
1556
1263
1257
1795
457
760
1473
1062
1260
1734
982
1357
758
1191
1942
138
1071
813
605
16
331
113
1936
1486
962
53
1552
1933
224
855
1039
1842
264
1976
1132
130
1074
462
1068
746
756
921
1144
1786
1283
428
1101
642
1925
919
159
2019
325
734
1193
663
1547
398
1402
683
1910
1084
1745
179
1937
863
190
797
73
732
616
1606
1433
2
122
211
1897
1479
697
626
1437
894
1040
790
149
638
1133
609
419
100
621
1203
1992
627
546
660
390
275
1189
1826
545
1037
549
997
1908
998
213
2013
326
523
327
453
942
155
839
1417
1989
1558
1094
753
1107
1848
263
610
1787
940
387
1701
1201
694
1118
1461
1374
410
137
1371
495
374
473
1161
1982
1740
496
812
1253
1760
1212
1197
527
647
107
1299
1527
168
87
135
686
1958
617
1965
632
928
348
89
1224
1492
533
955
426
670
1544
75
1324
1187
956
1483
474
951
1394
1664
221
1467
1532
282
74
1567
1352
1501
147
1766
1869
526
433
302
528
1109
597
330
722
1023
814
1382
236
1886
43
1521
232
1507
1460
639
1573
1438
368
803
1338
499
931
1126
764
646
929
1427
177
1281
762
252
143
1046
1744
424
386
29
763
690
579
393
1166
730
1178
1315
851
1663
308
1679
904
1372
82
1278
1542
1200
1070
358
1341
754
2008
1685
48
443
1487
779
636
603
561
868
319
1641
272
1231
1956
160
283
1813
2012
1229
1249
1175
26
372
1362
1635
992
1017
775
466
311
573
976
1258
1570
99
1540
1803
1154
768
1736
1879
1578
115
1455
1016
1179
1085
1225
1117
150
553
900
1846
706
436
1717
1032
64
294
876
1067
1950
1560
769
874
1390
1366
1688
274
939
1927
913
1043
946
207
407
1142
770
216
1334
608
1445
15
1096
492
906
1807
1152
125
10
1844
993
427
1396
916
705
1284
1697
1767
653
866
79
353
429
1230
1972
1004
1072
1981
1075
215
792
937
1137
1654
1471
1047
202
1214
862
988
1658
1872
830
45
971
1194
977
933
1651
487
1099
1052
61
432
212
840
773
1962
665
185
1342
1316
1326
1539
1692
151
1871
414
1756
1006
991
674
2016
166
1127
1408
139
44
891
1076
735
77
542
2029
102
1765
1245
1042
1708
1511
574
1682
214
118
1310
1580
692
1381
1577
134
1746
1209
1782
1241
1406
1239
104
613
1737
1979
1119
14
1794
2010
801
1185
1952
470
218
739
1329
1317
1388
1001
1409
720
853
1450
260
662
1864
1624
1335
1631
651
200
1308
1395
802
1452
1222
112
1837
1660
562
708
1464
1220
1482
800
772
600
1703
536
423
191
795
60
765
425
1256
1625
776
220
973
1365
1019
1728
1733
1176
987
838
1928
968
1369
677
402
1923
1274
1060
237
1541
1459
1877
336
316
1086
1934
1677
964
1475
667
1397
1887
1319
1453
1164
1948
1273
1100
978
684
1875
203
1089
1585
902
1522
1303
1378
809
1893
1116
989
1205
1251
1021
1850
1325
1163
1002
744
127
1757
1655
420
1088
448
1169
1605
1506
347
1136
1051
584
1929
1350
1878
337
1003
611
1587
578
1172
5
743
506
1057
450
363
673
620
1285
187
793
899
583
1354
1594
338
1892
1550
83
685
25
1227
1054
878
967
1959
279
1295
1817
1290
567
188
321
297
1970
208
1495
641
1515
643
1311
849
1235
1391
1512
1472
1752
478
333
413
742
178
865
182
91
750
1984
1510
245
361
1210
1993
1747
434
1474
80
1719
355
1480
1025
461
42
486
382
1262
1061
2023
552
558
598
36
1149
669
1346
1647
1184
1033
332
1050
1496
1854
771
313
1323
1967
1420
1469
451
1091
1684
1551
1336
1439
192
96
2031
86
455
472
377
223
72
249
1141
715
146
917
1851
848
1650
303
1333
6
381
1020
1518
950
1911
831
724
699
947
794
592
1639
1305
1318
785
281
1140
799
920
404
1835
1012
679
896
875
1732
1592
21
1306
1721
1614
258
1891
1435
729
650
1723
681
945
1370
519
471
1763
1261
1666
577
1359
491
7
873
689
35
668
1489
463
181
198
767
132
1739
1588
1535
1906
1143
482
1356
1994
843
431
1083
1312
1829
1712
615
781
1233
712
532
966
1598
317
1477
1678
439
709
1830
1234
808
1244
1549
649
2015
1784
859
530
1466
1286
637
539
623
1400
296
1504
162
886
1690
17
1034
1404
27
1287
254
37
892
497
1773
1502
534
380
1059
8
171
736
346
1010
507
98
614
1812
157
661
805
833
52
391
20
1279
1009
601
1526
32
1820
152
1709
1579
1422
1053
1548
1411
815
306
1159
484
1098
106
1332
846
1405
1367
1199
47
1277
774
755
1451
672
514
925
1971
961
625
585
268
963
2006
71
156
518
959
1344
2028
1215
46
67
810
1093
1063
818
1899
1123
910
231
845
1769
124
24
31
2027
711
954
1724
1134
120
399
362
1056
131
467
872
289
710
479
1264
1790
1223
141
1616
1623
1339
1823
1505
227
1582
934
1645
1
1309
165
678
95
1696
823
1943
2021
415
570
826
1296
1247
163
1105
1700
1636
405
1087
121
299
1491
1151
1986
13
1805
452
2000
787
1328
1219
1216
186
421
824
1414
884
400
1777
1622
356
88
364
30
537
1996
1828
430
1349
860
511
1917
726
915
563
582
517
829
556
343
196
2030
412
1180
34
253
259
588
1276
1106
1449
1772
1932
912
604
23
1204
1351
1575
1593
1946
1528
28
748
173
379
1252
557
1348
1938
1387
360
1448
1267
1104
1221
440
979
590
1377
850
1327
2002
1983
54
320
580
901
648
1196
1092
1945
505
1320
566
116
1428
475
1857
752
422
1226
1398
1139
199
560
727
144
257
1167
1608
108
1912
718
1271
247
1904
1699
33
804
587
551
841
738
713
1041
1914
1607
206
340
1343
1754
204
1799
314
109
786
572
1667
1725
1158
1915
512
1704
1110
1206
1103
1517
1561
1742
1566
782
1954
944
128
807
1389
568
631
498
1620
806
76
949
540
183
287
680
1649
788
938
761
246
394
554
1298
1304
1557
81
458
503
1168
352
820
1898
719
1081
1845
217
1192
1831
239
444
1090
1843
1434
70
1360
219
2007
1015
243
634
172
1073
1785
974
3
476
468
1775
895
51
1653
447
1421
1182
301
1722
1431
477
958
1160
38
411
575
1791
1638
446
240
905
1498
1384
158
897
1768
269
854
84
1698
1519
1668
970
437
1237
1652
996
1432
370
975
645
238
1300
1321
1246
1005
1280
612
241
1454
548
798
1470
1918
365
547
1559
276
1755
602
1415
1181
740
520
1841
564
1537
924
550
1171
1630
1890
1145
1681
1568
1889
1156
887
1077
652
688
595
1780
524
999
210
1097
1602
329
2005
700
1741
1776
1935
821
1600
1686
1738
1361
502
349
1272
62
571
174
1574
783
889
1825
879
153
490
525
97
1036
2026
1999
858
666
1543
194
1852
262
488
280
981
1429
57
607
1894
751
1626
335
1468
273
1155
500
256
1120
693
373
656
228
265
1590
1436
1931
935
1007
145
811
2022
1702
1447
1442
890
1974
225
315
881
1291
1683
922
1078
459
318
1275
1399
1811
1529
1347
1217
908
861
250
1494
1128
1202
856
1183
1922
469
1425
619
1905
18
1157
1902
1833
117
1165
454
701
209
235
19
696
1695
1353
222
1413
1565
671
1368
1373
749
1553
142
58
817
555
1640
1465
1944
1008
322
266
927
504
277
1876
1340
819
229
310
1307
1380
493
442
1322
1612
1218
494
1538
408
291
1840
1762
1108
1783
1490
1888
350
383
1953
1856
1330
1687
367
633
882
864
126
1211
569
1236
508
995
1617
759
624
1313
40
1930
384
728
1114
1714
1855
628
1028
1095
1705
522
233
1957
622
1867
1849
657
1806
1751
1604
41
342
464
1065
1022
460
396
449
509
357
1781
828
1796
1035
359
1669
1633
1659
148
1662
397
376
456
1058
1392
985
1238
1861
1122
842
630
1536
441
1115
1082
1293
480
1424
175
1029
366
1947
1027
1177
832
957
926
323
1207
485
1576
834
133
682
544
290
695
1121
1718
1499
1711
255
1753
716
1611
984
1410
167
1255
932
1026
893
1761
1131
242
1634
1148
1302
169
780
1331
69
341
416
869
1941
1407
345
1827
66
1430
309
501
1525
286
594
1793
1926
1642
1569
1240
11
401
1024
1815
1190
655
119
516
1564
1288
936
154
1990
1822
92
1441
293
1599
1055
292
1629
1147
1516
857
298
395
1066
1613
943
827
1393
1232
201
1546
1111
543
1801
867
65
1102
103
1657
599
1802
1375
2014
903
654
105
1243
1186
285
1940
513
1364
1673
1916
1064
300
529
90
1939
994
1589
1150
49
1153
538
278
1693
305
50
418
1493
1314
123
923
618
576
1113
1162
1416
409
1456
1921
385
193
1730
885
941
1268
1383
226
1174
675
778
969
644
270
1618
1297
535
489
234
1975
465
1458
1545
1030
635
1632
1969
659
717
375
59
369
164
1973
1644
261
1771
1289
111
1497
1961
703
844
515
1014
629
1531
339
1130
676
1555
197
388
1376
1443
406
1045
953
267
1462
1824
606
1508
593
510
1426
189
852
930
664
1900
733
114
1615
307
816
658
596
1385
1213
1146
483
581
140
78
1513
1913
1847
1173
1018
445
417
1792
766
909
1129
1048
1031
640
354
1995
39
1520
1269
986
2009
704
980
870
1135
911
2024
1481
9
907
230
295
1000
883
1125
825
1013
1457
184
63
914
1208
1691
195
1485
965
1440
1523
1863
1124
725
129
1571
1603
784
101
244
1858
737
1379
1138
161
1242
1601
1880
1643
1675
877
312
1228
1345
344
1963
180
1265
334
822
205
85
687
1530
1266
1584
1770
284
1509
1254
1463
1038
1337
1294
837
1661
1011
392
1563
1514
541
136
1731
1484
1412
745
731
94
1080
847
1583
990
1720
304
1363
389
836
378
789
56
371
12
559
952
1301
1248
438
1170
1591
757
481
1868
110
591
68
1816
435
170
351
288
531
1282
565
1250
714
271
707
4
1621
1676
324
1044
403
948
251
328
1980
698
1079
1358
